Distance (µm),K Wt%,Li Wt%,C Wt%,O Wt%,F Wt%,Na Wt%,Al Wt%,Si Wt%,
0,0.90805,0,9.535677,0.450276,0.335181,0,0.008848,88.76196,
0.0098584896097153,0.349595,0,9.637247,0.692475,0.211604,0,0.532137,88.57694,
0.0197169792194306,0.032134,0,10.22045,0.520404,0.213144,0,0,89.01387,
0.0295754688291459,0.093954,0,8.533299,0,0.270921,0,0.715695,90.38613,
0.0394339584388612,1.587125,0,10.96445,0.877625,2.010112,0.704726,0.219854,83.63611,
0.0492924480485772,0.672202,0,10.18853,0.361962,1.650333,0.07445,0.395879,86.65664,
0.0591509376582925,0.961066,0,11.23477,0.695818,0.389672,0.254301,0.468206,85.99617,
0.0690094272680078,0.331996,0,10.25371,0.762837,0.335668,0,0.461811,87.85397,
0.0788679168777231,0.134782,0,11.30057,0.603638,0.91755,0,0.273253,86.7702,
0.0887264064874384,0.650975,0,9.752756,0.594939,0.361865,0.271753,0.157529,88.21018,
0.0985848960971537,1.142095,0,10.39199,1.017325,1.500953,0,0,85.94764,
0.108443385706869,1.972698,0,10.06894,1.12509,1.196821,0,0,85.63645,
0.118301875316584,0.504492,0,10.82731,1.323348,0.957279,0.030336,0.072528,86.28471,
0.1281603649263,1.565203,0,9.736159,0.6204,1.526925,0,0.154064,86.39725,
0.138018854536015,0,0,11.91441,1.11843,1.960187,0.208322,1.144901,83.65375,
0.147877344145731,1.504485,0,10.33981,1.362378,0.797092,0,0.144442,85.85179,
0.157735833755446,1.056948,0,12.58894,0.791867,1.779687,0,0,83.78256,
0.167594323365162,0.774765,0,9.168747,0.530677,1.754619,0.900367,0.764332,86.10649,
0.177452812974877,2.504183,0,11.69001,1.056596,1.121364,0.195617,0,83.43224,
0.187311302584592,1.268155,0,10.8296,0.327485,1.035755,0.496916,0.387369,85.65472,
0.197169792194307,0.894163,0,10.59688,1.214509,0.868201,0.132109,0.423215,85.87093,
0.207028281804023,1.662446,0,10.80621,1.215189,1.203713,0,0,85.11244,
0.216886771413738,2.707899,0,8.957277,0.788758,1.132069,0.328682,1.365805,84.71951,
0.226745261023453,2.368325,0,12.37399,0.419809,0,0.359606,0,84.47827,
0.236603750633169,2.101208,0,10.04248,0,2.763793,0,0,85.09251,
0.246462240242885,2.387598,0,10.77497,0.761573,1.787672,0.335978,0.538762,83.41344,
0.2563207298526,1.372238,0,10.35333,0.416922,2.170478,0.209315,0.428533,85.04919,
0.266179219462315,1.548777,0,12.74451,1.198203,0.487364,0,0.655675,83.36547,
0.276037709072031,2.348285,0,10.88777,0.47149,1.177689,0.790709,0,84.32405,
0.285896198681746,0.821104,0,9.912313,0.343608,1.317551,0.179858,0.154372,87.27119,
0.295754688291461,2.333676,0,11.58139,0.664846,2.453281,0.315966,0,82.65084,
0.305613177901176,1.885355,0,11.25778,0.281486,1.147933,0.085359,0.126167,85.21592,
0.315471667510892,2.496428,0,9.552999,0.337592,1.098092,0.239164,0.054906,86.22082,
0.325330157120607,0.895146,0,11.37582,0.473075,1.144295,0.18685,0.280561,85.64425,
0.335188646730323,2.411259,0,12.55471,0.529591,1.139931,0.248886,0,83.11562,
0.345047136340038,4.012238,0,13.0427,0.848044,0.025601,0.405296,0,81.66612,
0.354905625949754,3.11304,0,12.13472,0.085784,2.707725,0.412387,0.611114,80.93523,
0.364764115559469,3.756573,0,12.10271,0.946216,2.509868,0.28986,0.017415,80.37737,
0.374622605169184,3.325679,0,11.32845,0.608004,2.628027,0.408974,0.237021,81.46385,
0.3844810947789,1.994517,0,10.64016,0.868103,2.304862,0.659235,0,83.53313,
0.394339584388615,2.993915,0,14.15883,0.66757,2.836826,0.357622,0.10503,78.8802,
0.40419807399833,5.302948,0,13.97339,1.632614,0,0.059455,0,79.03159,
0.414056563608046,2.324051,0,14.33112,0.771358,2.532465,0,0,80.041,
0.423915053217761,2.09202,0,11.79626,1.103715,0.505373,0.401191,0,84.10144,
0.433773542827477,3.062427,0,12.9688,0.418938,1.970258,0,0,81.57958,
0.443632032437192,3.066946,0,11.05548,0.52238,3.991008,0.535484,0.778235,80.05046,
0.453490522046907,4.118455,0,17.84518,0.708871,2.740458,0,0.331238,74.25579,
0.463349011656623,2.824594,0,17.86952,0,3.473037,0.344801,0.160328,75.32772,
0.473207501266338,2.773796,0,18.84686,0.090511,3.36566,0,0.595435,74.32774,
0.483065990876053,5.312464,0,15.2004,0.769212,2.936334,0.462704,0.60496,74.71392,
0.492924480485769,4.117177,0,13.58305,1.188624,3.87649,0.562268,0,76.67239,
0.502782970095484,3.080371,0,12.4758,0.825477,1.986832,0.434192,0.912954,80.28438,
0.512641459705199,3.67751,0,21.11259,0.757726,2.83391,0.190245,0.144199,71.28382,
0.522499949314915,4.171567,0,18.04882,0.240306,2.172114,0.401553,0.03751,74.92812,
0.532358438924631,5.127284,0,17.38201,0.158406,4.045119,0.16661,0.290803,72.82977,
0.542216928534346,4.634552,0,20.82709,0.695345,2.313528,0,0.513521,71.01597,
0.552075418144061,4.191543,0,16.7995,1.367914,2.468243,0.056403,0,75.1164,
0.561933907753776,4.435107,0,17.16825,0.911702,1.837375,0,0.90534,74.74223,
0.571792397363492,2.82342,0,20.94078,1.473556,4.859661,0.447793,0,69.45479,
0.581650886973207,4.37168,0,18.30968,0,5.004229,0.36838,0.136193,71.80984,
0.591509376582922,4.394379,0,18.44703,0.729574,2.555418,0,0,73.8736,
0.601367866192638,3.198704,0,21.2276,0.242556,3.611026,0.044887,0.597284,71.07794,
0.611226355802354,4.664902,0,21.66931,0,3.244896,0.074063,0.099982,70.24685,
0.621084845412069,5.586242,0,19.19311,0.992975,2.851355,0.801828,0.872079,69.70241,
0.630943335021784,3.270365,0,24.30221,0.652033,5.19447,0.175277,0.100803,66.30484,
0.640801824631499,4.680324,0,19.82195,1.014472,3.223867,0.521086,0.207626,70.53068,
0.650660314241215,4.278617,0,21.2661,0.758599,2.519035,0.187375,0.351986,70.63828,
0.66051880385093,3.681318,0,19.61212,1.135655,4.178439,0.975776,0.123547,70.29314,
0.670377293460645,3.262613,0,19.57474,0.183138,4.943188,0.552194,0,71.48413,
0.680235783070361,4.820497,0,22.47986,0.505665,3.945398,0.11356,0.23957,67.89545,
0.690094272680076,3.749137,0,22.33886,0.475087,3.498696,0.180595,0,69.75762,
0.699952762289792,4.273896,0,23.49517,0.644907,3.440959,0.331925,0.211348,67.60179,
0.709811251899507,2.666722,0,24.0362,0.672173,3.894849,0,0.29715,68.43291,
0.719669741509223,3.789279,0,22.7681,1.158892,5.400438,0.279465,0,66.60383,
0.729528231118938,3.122516,0,23.64604,0.596716,5.407396,0,0.082418,67.14491,
0.739386720728653,3.375427,0,23.53257,0.735712,4.620787,0,0.663883,67.07162,
0.749245210338369,3.20143,0,22.35806,0.565238,5.593783,0,0.192637,68.08885,
0.759103699948084,3.351081,0,22.94945,0.736891,5.648593,0.428863,0,66.88512,
0.768962189557799,2.703285,0,22.66519,1.657984,4.139071,0,0,68.83447,
0.778820679167515,4.015081,0,20.49405,1.201986,4.743158,0.15632,0,69.3894,
0.78867916877723,2.284079,0,22.77354,1.057473,4.177418,0.551799,0.39649,68.7592,
0.798537658386946,4.147837,0,24.3321,0,4.324241,0.170743,0,67.02508,
0.808396147996661,3.326047,0,23.47432,0.851668,5.859553,0.168969,0.309026,66.01042,
0.818254637606376,2.51701,0,22.15694,0.756005,6.332458,0.03223,0,68.20536,
0.828113127216092,3.978337,0,18.82635,0.532462,4.482486,0,0,72.18036,
0.837971616825807,3.774195,0,23.01418,0.029471,5.583388,0.015055,0,67.58371,
0.847830106435522,2.893271,0,20.91806,1.015021,4.783062,0,0,70.39059,
0.857688596045238,3.317586,0,23.33873,0.638592,4.574927,0.356645,0.295606,67.47791,
0.867547085654953,2.235047,0,19.30012,0.823436,6.218955,0.18279,0.191458,71.04819,
0.877405575264668,3.226113,0,20.94603,1.074407,5.748362,0.224745,0,68.78035,
0.887264064874384,2.336487,0,19.16886,0.721615,6.640881,0,0.4141,70.71806,
0.897122554484099,3.174727,0,21.29097,0.761295,5.741449,0.032146,0.324751,68.67467,
0.906981044093815,1.862025,0,22.68354,0.587103,6.076628,0,0.645644,68.14506,
0.91683953370353,3.054622,0,22.31454,0.723578,6.607436,0.441735,0.452418,66.40567,
0.926698023313245,2.298565,0,19.25941,0.570296,5.272039,0,0,72.59969,
0.936556512922961,2.720837,0,18.65098,0.849282,7.124467,0,0.107547,70.54689,
0.946415002532676,2.609482,0,21.95977,1.672836,4.569484,0,0.237022,68.95141,
0.956273492142391,2.795773,0,20.4843,1.046998,7.61758,0.00212,0.405602,67.64763,
0.966131981752107,1.905556,0,18.61347,1.280713,5.736099,0.019358,0.201563,72.24323,
0.975990471361822,2.175277,0,19.13253,0.87465,6.107347,0,0.189755,71.52045,
0.985848960971538,1.458981,0,18.74067,1.214264,5.590395,0.179471,0.106143,72.71007,
0.995707450581253,1.438587,0,16.09405,0.438782,6.918294,0.143739,0,74.96655,
1.00556594019097,1.489552,0,18.28495,0.402608,7.807743,0.285742,0.277145,71.45226,
1.01542442980068,1.212146,0,19.41488,1.488625,7.995321,0.121671,0.17714,69.59022,
1.0252829194104,1.673311,0,19.48126,0.563329,7.005603,0,0,71.27649,
1.03514140902011,2.673619,0,19.20414,0.770218,6.871937,0.348998,1.083537,69.04755,
1.04499989862983,1.91468,0,18.75929,1.265919,6.922242,0,0.665253,70.47262,
1.05485838823955,1.176695,0,15.19796,1.111321,7.028931,0,0.126756,75.35834,
1.06471687784926,2.204214,0,18.00748,1.170322,7.431102,0,0.057818,71.12906,
1.07457536745898,2.68228,0,17.13557,1.082094,7.136857,0,0.382362,71.58084,
1.08443385706869,2.410328,0,17.96727,0.595382,6.689795,0,0.42924,71.90798,
1.09429234667841,2.077519,0,18.7556,0,8.274939,0,0.167365,70.72457,
1.10415083628812,2.492154,0,17.47357,0.99205,5.234582,0,0.060583,73.74706,
1.11400932589784,1.444671,0,15.91249,0.809761,4.63485,0,0.360884,76.83734,
1.12386781550755,3.40858,0,17.08286,2.234123,5.654487,0.799035,0,70.82092,
1.13372630511727,1.242088,0,16.72823,0.983418,6.723347,0.083149,0.332745,73.90702,
1.14358479472698,1.956313,0,16.27469,0.661667,7.266985,0.253555,0.240302,73.34649,
1.1534432843367,3.074526,0,16.93885,1.466878,6.041356,0,0,72.47839,
1.16330177394641,2.835407,0,16.0712,1.358332,4.576589,0,0.583745,74.57473,
1.17316026355613,3.961488,0,16.88747,1.162179,6.535594,0,0,71.45327,
1.18301875316585,3.260782,0,15.19673,1.085777,5.820106,0,0,74.6366,
1.19287724277556,3.219056,0,15.28367,1.196673,5.126931,0.479079,0.694481,74.00011,
1.20273573238528,2.239359,0,15.5208,0.578815,7.146657,0,0.442069,74.0723,
1.21259422199499,1.998575,0,16.52807,0.619195,7.641472,0,0.354885,72.8578,
1.22245271160471,3.37185,0,17.12805,0.923761,3.834921,0.044648,0.27007,74.4267,
1.23231120121442,2.003448,0,17.42538,1.323384,4.887941,0,0.134715,74.22513,
1.24216969082414,2.741601,0,18.08395,0.908635,5.23979,0.531292,0.498372,71.99636,
1.25202818043385,4.252729,0,16.36421,1.578815,4.905087,0.167514,0.277492,72.45415,
1.26188667004357,3.319817,0,15.77009,0.849946,4.186231,0.372329,0,75.50159,
1.27174515965328,2.530034,0,16.33413,0.863078,6.109934,0.270862,0.340555,73.55141,
1.281603649263,2.791414,0,18.82581,1.164048,3.844893,0.403438,0.226587,72.74381,
1.29146213887271,3.757013,0,17.62897,0.837999,2.401767,0.13459,0.269359,74.97031,
1.30132062848243,3.486306,0,15.14262,1.089642,4.230586,0.248111,0.72751,75.07522,
1.31117911809214,3.544273,0,16.87179,1.448841,4.34388,0,0.591402,73.19981,
1.32103760770186,2.888164,0,18.24271,1.131708,5.101696,0.11259,0.045544,72.47758,
1.33089609731158,2.567529,0,18.9813,0.347959,4.094997,0.26664,0.403246,73.33833,
1.34075458692129,2.894863,0,19.15199,0.829184,3.667567,0,0.184923,73.27148,
1.35061307653101,2.485885,0,16.23157,1.084504,4.584755,0,0,75.61328,
1.36047156614072,3.159138,0,18.20411,0.781194,4.307264,0.397863,0.057019,73.09341,
1.37033005575044,2.504612,0,17.25107,0.958433,4.423239,0.435507,0,74.42713,
1.38018854536015,1.447786,0,17.7359,1.230547,4.353364,0,0.290262,74.94214,
1.39004703496987,4.05783,0,17.71882,1.203992,3.666071,0.079701,0.068632,73.20496,
1.39990552457958,2.349235,0,19.21125,0.276396,4.407647,0,0,73.75547,
1.4097640141893,2.742707,0,17.82904,0.92676,3.595737,0.085664,0.149653,74.67044,
1.41962250379901,2.21351,0,19.58673,0.930115,3.868283,0,0.041346,73.36002,
1.42948099340873,2.247577,0,18.68778,1.102275,2.780052,0,0.38371,74.79861,
1.43933948301844,2.909216,0,19.12311,0.808175,3.179302,0,0,73.9802,
1.44919797262816,1.902658,0,16.68071,0.862919,3.818349,0,0.23477,76.5006,
1.45905646223788,2.771867,0,18.22521,0.560224,2.260862,0,0.459105,75.72273,
1.46891495184759,2.033037,0,16.89226,0.689265,3.064874,0,0,77.32056,
1.47877344145731,2.401231,0,20.09722,0.319471,2.695867,0.307515,0,74.1787,
1.48863193106702,1.82239,0,18.26942,0.769063,3.010945,0.069528,0.284306,75.77435,
1.49849042067674,1.8201,0,18.40678,0.524547,3.136442,0,0,76.11213,
1.50834891028645,2.478974,0,17.81343,1.170436,2.555596,0,1.134501,74.84706,
1.51820739989617,1.066251,0,17.55959,1.01696,2.306603,0,0,78.0506,
1.52806588950588,1.870812,0,16.79468,0.442891,2.49572,0.677763,0,77.71814,
1.5379243791156,1.747236,0,16.37818,0.93819,1.166567,0.667496,0,79.10233,
1.54778286872531,1.089647,0,18.33177,0.941719,2.629997,0,0,77.00687,
1.55764135833503,1.955954,0,17.00478,0.062532,3.382938,0.02749,0.491933,77.07438,
1.56749984794475,2.606581,0,17.92315,0.885308,1.90239,0,0,76.68256,
1.57735833755446,1.050526,0,14.41466,0.334248,1.828094,0.248422,0.00753,82.11652,
1.58721682716418,1.860966,0,15.76096,0.484633,1.461848,0,0.096167,80.33543,
1.59707531677389,1.921143,0,16.49181,0.697892,1.474083,0.316572,0,79.0985,
1.60693380638361,1.458089,0,15.48867,0.924862,0.955752,0,0.420403,80.75223,
1.61679229599332,1.994578,0,19.71323,0.807607,1.64907,0.181742,0.211575,75.44219,
1.62665078560304,1.639298,0,17.11826,1.345374,1.268866,0.163747,0.667181,77.79727,
1.63650927521275,1.785292,0,16.54237,0.309919,0.93987,0,0.100383,80.32217,
1.64636776482247,1.558951,0,15.6064,0.794407,1.564566,0,0.323422,80.15225,
1.65622625443218,0,0,15.41881,0.850342,1.313307,0,0.310769,82.10677,
1.6660847440419,1.468316,0,15.66619,0.306009,1.615976,0.156316,0,80.78719,
1.67594323365161,1.846334,0,15.49586,0.654313,0.834284,0.055616,0,81.11359,
1.68580172326133,1.543395,0,14.08709,0.431144,1.191835,0.109949,0,82.63658,
1.69566021287105,0.502799,0,14.47695,0.255206,1.107395,0.381632,0.248292,83.02773,
1.70551870248076,1.06254,0,12.38849,0,1.400467,0.256826,0,84.89168,
1.71537719209048,0.865173,0,16.04077,0.939755,0.278438,0.137619,0.026451,81.71179,
1.72523568170019,0.351243,0,13.33664,0.563667,1.252759,0.253425,0.015726,84.22654,
1.73509417130991,1.336996,0,14.28415,0.314822,1.252877,0.197592,0.893005,81.72056,
1.74495266091962,0.717738,0,13.74141,0.504509,1.511177,0,0.669329,82.85583,
1.75481115052934,1.148005,0,14.23762,0.136881,0.591113,0,0,83.88638,
1.76466964013905,0.25629,0,12.22106,0.784346,1.184269,0.041562,0.482663,85.02982,
1.77452812974877,1.087447,0,14.50562,0.416196,0.719285,0,0.227438,83.04401,
1.78438661935848,0.183865,0,12.34775,0.867706,0.813214,0.036931,0.121906,85.62862,
1.7942451089682,1.09254,0,12.36605,0.242518,1.216529,0,0,85.08236,
1.80410359857791,1.310452,0,12.16185,0.141025,1.818258,0,0.3796,84.18882,
1.81396208818763,0.131429,0,10.8802,0.744892,1.006333,0.039863,0.239913,86.95737,
1.82382057779734,0.052388,0,12.51011,0.643621,0.552287,0.199533,0,86.04206,
1.83367906740706,0.327529,0,11.95442,0.207296,0.933636,0.020719,0.078246,86.47816,
1.84353755701678,0.254093,0,11.56309,0.123333,0.56431,0.048758,0.07593,87.37049,
1.85339604662649,0.801969,0,12.15838,0.007255,1.212542,0,0.551167,85.26868,
1.86325453623621,1.200647,0,12.30318,0.807722,1.479356,0.329832,0.068608,83.81065,
1.87311302584592,0,0,11.32916,0.451679,0.743614,0.135813,0.146355,87.19338,
1.88297151545564,0.738579,0,9.973048,0.170348,1.190455,0.283423,0.082874,87.56127,
1.89283000506535,0.373007,0,11.76108,0.256213,1.923389,0,0.116208,85.5701,
1.90268849467507,0.138354,0,8.423852,0.178723,0.958801,0,0.043668,90.2566,
1.91254698428478,0,0,10.85533,0.770719,0.49984,0.455434,0.220733,87.19794,
1.9224054738945,0.180522,0,11.13579,0.83939,0.944284,0.009295,0.422308,86.46841,
1.93226396350421,0,0,10.33824,0.633265,0.678587,0.304186,0,88.04572,
1.94212245311393,1.454648,0,9.640208,0,0.452838,0,0.150763,88.30154,
1.95198094272364,0.771435,0,10.81671,0.516873,0.811452,0.338395,0.030304,86.71483,
1.96183943233336,0,0,9.818997,0.259373,0.568676,0,0.290013,89.06294,
1.97169792194308,0,0,12.80198,0.64084,0.717699,0.139623,0.213868,85.48599,
1.98155641155279,0.926096,0,10.2313,0.16238,0.794612,0.002551,0,87.88306,
1.99141490116251,0.196209,0,9.125165,0.227437,1.570894,0.390558,0.228139,88.2616,
2.00127339077222,0.084884,0,8.352932,0.407594,0.781972,0,0.384939,89.98768,
2.01113188038194,0,0,10.15864,0.345451,0.960762,0.198779,0,88.33636,
2.02099036999165,0,0,8.866242,0.864413,1.05547,0,0,89.21387,
2.03084885960137,0.164092,0,8.790217,0.503029,1.621272,0,0,88.92139,
2.04070734921108,0.654155,0,7.876793,1.143925,0.735511,0,0.770476,88.81914,
2.0505658388208,0.388409,0,8.512188,0.424763,0.581714,0,0,90.09293,
2.06042432843051,0,0,8.394837,0.279642,1.264855,0,0.228115,89.83255,
2.07028281804023,0,0,8.837708,0.511479,0.760154,0,0.331842,89.55882,
2.08014130764994,0.549109,0,10.08971,0.09327,0.449029,0,0.241897,88.57699,
2.08999979725966,0.125258,0,9.430631,0.48588,1.491646,0,0.114097,88.35249,
2.09985828686938,0.552009,0,10.49568,0.188495,1.202008,0,0.316022,87.24578,
2.10971677647909,0,0,8.331833,0.489566,0.099412,0.155951,0.379611,90.54362,
2.11957526608881,0,0,8.613287,0.068265,0,0.095759,0.880076,90.34261,
2.12943375569852,0.14737,0,9.635163,0.075144,0.564424,0,0,89.5779,
2.13929224530824,0.010595,0,7.429527,0.532326,0,0.418024,0.140815,91.46871,
2.14915073491795,0.334356,0,8.581227,0.207476,0.497055,0,0.023785,90.3561,
2.15900922452767,0.187728,0,10.6159,0.21251,1.044827,0,0,87.93903,
2.16886771413738,0.290088,0,8.400762,0,0.147444,0.32434,0.223556,90.61381,
2.1787262037471,0.696483,0,7.225786,0.246566,1.007126,0.654955,0.177416,89.99167,
2.18858469335681,0,0,7.713911,0.275377,0.402756,0,0,91.60796,
2.19844318296653,0.152932,0,9.457359,0.19425,0.600608,0,0,89.59485,
2.20830167257624,0.519253,0,8.122711,0.487908,0.650388,0,0,90.21974,
2.21816016218596,0,0,9.104029,0.138858,0.898559,0,0.016793,89.84176,
2.22801865179567,0.572703,0,6.745989,0.31186,0,0.184956,0.353816,91.83067,
2.23787714140539,0,0,8.733464,0.111625,0.693987,0.385157,0,90.07577,
2.24773563101511,0,0,9.236788,0.544973,0.48529,0,0.106257,89.62669,
2.25759412062482,0,0,7.996329,0.385478,0.090843,0,0,91.52735,
2.26745261023454,0,0,7.716097,0.119324,0.099696,0,0,92.06488,
2.27731109984425,0.29928,0,8.678878,0.308899,0.736751,0.302816,0.056364,89.61701,
2.28716958945397,0.66266,0,7.954277,0.560573,0.484581,0,0.351698,89.98621,
2.29702807906368,0,0,7.605563,0.32893,0.379914,0.381364,0,91.30423,
2.3068865686734,0.120076,0,8.119272,0.506085,0.758815,0,0,90.49575,
2.31674505828311,0.272965,0,7.433017,0.492774,0.094849,0.315597,0,91.3908,
2.32660354789283,0,0,7.798671,0.211088,0.410707,0.142624,0.924105,90.5128,
2.33646203750254,0.189157,0,8.143337,0.006556,0.776215,0,0.089452,90.79528,
2.34632052711226,0,0,8.484746,0.60052,0.247093,0.141791,0.246926,90.27892,
2.35617901672197,1.101479,0,6.433767,0.691718,0.507312,0,0.376855,90.88887,
2.36603750633169,0,0,6.576378,0.615073,0.478053,0,0,92.3305,
2.37589599594141,0,0,6.921703,0.519762,0.450902,0,0.290318,91.81731,
2.38575448555112,0.199336,0,6.564647,0.486059,0.652686,0,0,92.09727,
2.39561297516084,0.098724,0,8.278637,0.110384,0.540826,0.028024,0.161713,90.78169,
2.40547146477055,0,0,8.383224,0.013879,0.336442,0,0.267294,90.99916,
2.41532995438027,0.987959,0,6.62668,0.234275,0.498369,0,0.382793,91.26992,
2.42518844398998,0.76918,0,7.093537,0.537065,0.520795,0,0.814282,90.26514,
2.4350469335997,0.116797,0,8.671668,0.480364,0.382985,0,0.074053,90.27413,
2.44490542320941,0,0,8.85741,0.748454,0.422417,0,0,89.97172,
2.45476391281913,0,0,8.04612,0.342987,0.009103,0,0.244493,91.3573,
2.46462240242884,0,0,9.513818,0.279608,0.544497,0,0,89.66208,
2.47448089203856,0,0,7.751841,0.019849,0.449099,0.684176,0,91.09503,
2.48433938164827,0.899257,0,7.574883,0.55141,0.289618,0,0.564884,90.11995,
2.49419787125799,0,0,8.01527,0.429677,0.535422,0.381689,0.827021,89.81092,
2.50405636086771,0,0,8.372487,0.551751,0.571088,0,0,90.50468,
2.51391485047742,0,0,7.894311,0.075023,0.61228,0.493517,0.357219,90.56765,
2.52377334008714,0.333532,0,7.25778,0.66098,0.561369,0,0,91.18634,
2.53363182969685,0.245075,0,8.333427,0.245652,0.12168,0,0.026772,91.02739,
2.54349031930657,0.530975,0,8.63236,0.395315,0.367142,0.131057,0,89.94315,
2.55334880891628,0,0,6.966455,0.25787,0,0.000059,0.358885,92.41673,
2.563207298526,0,0,7.250217,0.617286,0.650548,0,1.022767,90.45918,
2.57306578813571,0,0,6.905345,0.572347,0.188838,0.605666,0,91.72781,
2.58292427774543,0,0,7.887683,0,0.339541,0.060623,0,91.71215,
2.59278276735514,0.392754,0,6.528628,0.314462,0.051787,0,0,92.71237,
2.60264125696486,0,0,8.655684,0.124533,0,0,0.20025,91.01953,
2.61249974657457,0,0,6.342051,0.449089,0,0,0.409575,92.79929,
2.62235823618429,0.785674,0,7.09386,0.32496,0.110405,0.522506,0,91.1626,
2.63221672579401,0,0,6.844837,0.369655,0.680401,0.023848,0,92.08126,
2.64207521540372,0,0,6.51719,0.070289,0.118174,0,0,93.29435,
2.65193370501344,0,0,6.225756,1.146491,0.528045,0,0.251684,91.84802,
2.66179219462315,0,0,7.360815,0.370394,0.729928,0,0.128378,91.41048,
2.67165068423287,0,0,7.505962,0.32466,0.109449,0.191881,0.001706,91.86634,
2.68150917384258,0,0,7.264516,0.831085,0.797913,0,0.656631,90.44985,
2.6913676634523,0.859501,0,6.483897,0.198162,0,0.132944,0.26358,92.06192,
2.70122615306201,0,0,6.467787,0.395327,0,0.215825,0,92.92106,
2.71108464267173,0,0,9.00114,0,0.383846,0.513313,0,90.1017,
2.72094313228144,0,0,7.51631,0.439782,0.619275,0.277857,0.624918,90.52186,
2.73080162189116,0,0,6.827,0.04904,0,0,0,93.12396,
2.74066011150087,0,0,8.176029,0.190743,0.125251,0,0,91.50797,
2.75051860111059,0.232256,0,7.371365,0,0.184652,0.085007,0.601062,91.52566,
2.76037709072031,0,0,7.289127,0.977887,0,0,0.222324,91.51066,
2.77023558033002,0,0,7.138578,0,0.176444,0.011961,0,92.67302,
2.78009406993974,0,0,8.249791,0.321418,0.042446,0.066499,0.114966,91.20488,
2.78995255954945,0.556352,0,7.270794,0.551555,0,0,0.294039,91.32726,
2.79981104915917,0,0,6.584755,0,0.125751,0,0.36715,92.92234,
2.80966953876888,0.266262,0,7.421678,0,0.383865,0,0.448958,91.47924,
2.8195280283786,0,0,8.045884,0.813525,0.271797,0.458521,0.52724,89.88303,
2.82938651798831,0,0,8.380064,0.467294,0,0,0.109626,91.04301,
2.83924500759803,0,0,7.555089,0.348079,0.063381,0.371701,0.186051,91.4757,
2.84910349720774,0,0,7.204612,0.277095,0.375391,0,0.114962,92.02794,
2.85896198681746,0,0,8.061374,0.555323,0,0,0,91.3833,
2.86882047642717,0.068751,0,5.614811,0.338954,0.811768,0.230626,0.689974,92.24512,
2.87867896603689,0,0,6.634921,0.190867,0.452016,0.107916,0,92.61428,
2.8885374556466,0.090759,0,6.061695,0.430138,0.198123,0.680616,0.249337,92.28933,
2.89839594525632,0,0,7.12005,0.473745,0.617086,0.422693,0.099574,91.26685,
2.90825443486604,0.044121,0,5.858191,0.253458,0.169908,0.072941,0,93.60138,
2.91811292447575,0.054515,0,6.851623,0.574059,0.545256,0,0,91.97455,
2.92797141408547,0,0,8.216681,0.049385,0.681484,0.55907,0.148694,90.34469,
2.93782990369518,0.391489,0,7.316473,0.263014,0.70014,0,0.748329,90.58055,
2.9476883933049,0.419184,0,7.730525,0.298883,0.221764,0,0.021801,91.30785,
2.95754688291461,0.182181,0,7.229342,0.128001,0.262288,0.548659,0.892451,90.75708,
2.96740537252433,0.21498,0,7.589322,0.143473,0.363179,0,0,91.68905,
2.97726386213404,0,0,7.914859,0.043788,0.227681,0.010704,0.144354,91.65862,
2.98712235174376,0.700923,0,8.033673,0.686595,0.703859,0,0,89.87495,
2.99698084135347,0.605234,0,9.07801,0.612145,0.007894,0.315548,0.48347,88.8977,
3.00683933096319,0.774633,0,8.382376,0.315867,0.292407,0.134734,0,90.09998,
3.01669782057291,1.281336,0,8.442791,0.117201,0.194114,0.202221,0.186235,89.5761,
3.02655631018262,0.546162,0,6.830497,0.485322,0,0.21915,0.285057,91.63381,
3.03641479979234,0,0,7.52214,0.230493,0.310467,0.0259,0.579394,91.3316,
3.04627328940205,0.387369,0,7.075892,0.49067,0.811081,0.133419,0,91.10157,
3.05613177901177,0,0,7.180356,0.715487,0.344,0,0,91.76015,
3.06599026862148,0,0,9.106351,0.352174,0.61646,0.214961,0.300025,89.41003,
3.0758487582312,0,0,7.35263,0.64554,0.171921,0.216329,0.336545,91.27704,
3.08570724784091,0.505702,0,8.22418,0,1.05729,0.164009,0,90.04882,
3.09556573745063,0.09566,0,6.267007,0.521872,0.362301,0,0.167873,92.58529,
3.10542422706034,0,0,7.95255,0.487072,0.723632,0,0.228024,90.60872,
3.11528271667006,1.380477,0,7.494448,0.450408,0.848982,0,0,89.82568,
3.12514120627977,0.438431,0,7.000495,0.574431,0.336417,0,0.451586,91.19864,
3.13499969588949,0.17572,0,6.470481,0.309265,0.464867,0,0.051051,92.52862,
3.1448581854992,0.564832,0,9.510987,0.262371,0.212049,0,0.375813,89.07394,
3.15471667510892,0,0,9.099867,0.610713,0.42394,0.55131,0.417804,88.89637,
3.16457516471863,0.992882,0,8.784199,0.589986,0.674144,0.413546,0,88.54524,
3.17443365432835,1.316981,0,7.675334,0.707391,1.235232,0.139195,0.221425,88.70444,
3.18429214393807,0.318661,0,9.368221,0.457387,1.123492,0,0.209837,88.5224,
3.19415063354778,1.234296,0,8.510525,0.349863,1.001621,0,1.076026,87.82767,
3.2040091231575,1.172972,0,8.445707,0.470315,0.863282,0.025721,0.094197,88.9278,
3.21386761276721,1.026829,0,7.67288,0.145719,1.045588,0.151213,0.061306,89.89646,
3.22372610237693,1.020897,0,7.504572,0.550367,0.529206,0.03894,0,90.35602,
3.23358459198664,0.660449,0,8.703636,0.371797,1.732083,0.276346,0.154787,88.1009,
3.24344308159636,1.165081,0,9.38217,0.176168,1.321316,0.221731,0,87.73354,
3.25330157120607,1.988029,0,7.840732,0.929132,1.053475,0.190911,0.057513,87.94021,
3.26316006081579,1.284003,0,9.307749,0.587555,1.275748,0,0.683182,86.86176,
3.2730185504255,1.279729,0,9.447879,0.553226,1.117062,0.235583,0.590216,86.77631,
3.28287704003522,0.893194,0,8.059855,1.073284,1.211519,0.04426,0.312512,88.40537,
3.29273552964493,0.829113,0,8.19361,0.752365,1.836683,0.113722,0.258074,88.01643,
3.30259401925465,1.181904,0,7.689682,0.872136,1.777852,0.112151,0,88.36627,
3.31245250886437,1.35274,0,8.409677,0.445375,1.169568,0,0,88.62264,
3.32231099847408,1.249948,0,7.480784,0.881113,1.555794,0,0,88.83236,
3.3321694880838,1.029219,0,8.790554,0.948264,2.028278,0.0665,0,87.13718,
3.34202797769351,1.261011,0,10.82376,0.226825,3.28172,0,0,84.40668,
3.35188646730323,2.283328,0,10.20021,0.53351,2.730232,0,0.731281,83.52144,
3.36174495691294,2.048263,0,8.28262,0.519153,2.366485,0.221087,0.044898,86.51749,
3.37160344652266,2.588911,0,9.720534,0.744671,2.072754,0,0,84.87313,
3.38146193613237,1.751241,0,8.755068,0.843387,1.757804,0.219951,0.095262,86.57729,
3.39132042574209,0.838568,0,9.886782,0.43554,2.380166,0.352269,0,86.10667,
3.4011789153518,3.034891,0,10.93273,0.294936,4.826595,0,0.707308,80.20354,
3.41103740496152,3.051323,0,10.58925,0.911957,3.681595,0.327829,0.108001,81.33005,
3.42089589457124,3.010026,0,9.381668,0.284754,3.324957,0.311118,0,83.68748,
3.43075438418095,3.404062,0,12.25245,0.636645,2.985273,0.131004,0.26193,80.32863,
3.44061287379067,2.452675,0,11.54518,1.137973,2.797246,0.148038,0.082239,81.83665,
3.45047136340038,3.268218,0,9.359712,1.023654,2.644977,0.340383,0,83.36305,
3.4603298530101,2.556174,0,11.92071,0.350237,5.761304,0.151106,0.288384,78.97209,
3.47018834261981,3.441219,0,11.68517,1.495087,4.761426,0.358662,0.424638,77.8338,
3.48004683222953,3.108468,0,11.77205,1.090891,5.124369,0.10497,0,78.79926,
3.48990532183924,2.697959,0,11.26552,0.492808,4.634189,0,0.325687,80.58384,
3.49976381144896,3.53145,0,10.9714,0.0661,5.517866,0.278407,0.261388,79.37339,
3.50962230105867,2.598887,0,11.89821,1.529227,3.743485,0,0.458714,79.77148,
3.51948079066839,3.350477,0,14.79285,0.547658,5.818407,0.195382,0,75.29523,
3.5293392802781,3.27749,0,13.15877,1.112342,5.602093,0.014989,0.009412,76.82491,
3.53919776988782,3.460272,0,11.95666,0.945277,5.412585,0,0,78.2252,
3.54905625949754,4.790747,0,12.44791,1.272672,5.036042,0.574577,0,75.87805,
3.55891474910725,3.269568,0,11.55231,1.256675,5.956988,0.224874,0.203181,77.53641,
3.56877323871697,2.358631,0,11.20548,1.835705,5.329296,0,0,79.27088,
3.57863172832668,4.171164,0,14.96695,0.662677,6.676476,0,0.192295,73.33044,
3.5884902179364,4.693699,0,13.97939,0.90797,7.013953,0.241355,0,73.16363,
3.59834870754611,2.762752,0,14.96146,1.41353,5.504541,0,0.572357,74.78535,
3.60820719715583,3.769796,0,14.37678,0.987117,5.455203,0.280596,0.06728,75.06323,
3.61806568676554,3.130081,0,13.49907,1.667875,4.673965,1.039441,0,75.98957,
3.62792417637526,2.558971,0,14.49841,0.744306,5.540578,0.172113,0.586819,75.8988,
3.63778266598497,4.842098,0,15.77997,0.822306,6.269143,0.71139,0,71.5751,
3.64764115559469,3.625264,0,12.85304,0.969012,7.239356,0.157591,0.6754,74.48034,
3.6574996452044,4.261896,0,11.82981,1.383741,6.768227,0.593025,0.844413,74.31889,
3.66735813481412,4.053684,0,15.57228,0.690809,6.373067,0.355832,0,72.95433,
3.67721662442383,5.893088,0,13.12108,1.018088,7.089853,0.390894,0,72.48699,
3.68707511403355,4.00003,0,13.27646,1.47732,6.097027,0.751205,0.051058,74.3469,
3.69693360364327,4.319705,0,16.67512,0.424543,6.171869,0.549682,0,71.85908,
3.70679209325298,3.723943,0,14.82014,0.686404,6.524862,0.617164,0,73.62749,
3.7166505828627,5.186528,0,16.19586,0.872532,5.454232,0,0,72.29086,
3.72650907247241,3.524416,0,15.10571,0.636538,7.595424,0,0.488603,72.64931,
3.73636756208213,6.307837,0,15.98441,0.816386,6.791108,0.246253,0.241155,69.61285,
3.74622605169184,4.21843,0,13.37586,0.802297,6.258493,0.659722,0.218695,74.4665,
3.75608454130156,3.899756,0,17.74159,1.275154,4.418415,0,0.09434,72.57074,
3.76594303091127,3.89149,0,15.79141,1.120242,4.932072,0.2176,0,74.04719,
3.77580152052099,4.181315,0,17.64026,1.457168,5.354688,0.16554,0.143594,71.05743,
3.7856600101307,5.60908,0,15.87897,1.294655,5.236666,0.320234,0.08649,71.57391,
3.79551849974042,3.970561,0,14.63417,0.981446,6.412377,0.408972,0.396978,73.1955,
3.80537698935014,4.990632,0,14.91373,1.464553,6.026316,0.3705,0.328523,71.90575,
3.81523547895985,3.796593,0,15.91752,0.556439,5.180791,0.153221,0,74.39543,
3.82509396856957,4.095855,0,18.05011,0.949294,4.989013,0.219862,0,71.69586,
3.83495245817928,3.779907,0,16.75194,0.699752,4.592128,0.618405,0,73.55787,
3.844810947789,2.997393,0,16.54973,0.777226,4.646306,0.186255,0.113321,74.72977,
3.85466943739871,5.637913,0,16.1632,0.8306,4.684719,0,0.008599,72.67496,
3.86452792700843,3.64707,0,15.77888,0.695865,5.265278,0.191911,0,74.421,
3.87438641661814,3.889921,0,17.03032,0.603683,5.356241,0.016111,0,73.10373,
3.88424490622786,5.227729,0,17.08549,0.620393,4.122723,0.168625,0,72.77505,
3.89410339583757,3.392038,0,13.74137,0.718355,6.761037,0.179675,0,75.20753,
3.90396188544729,4.138777,0,16.9374,0.732249,4.655675,0,0,73.5359,
3.913820375057,3.754373,0,19.62007,1.028128,4.375954,0.035361,0.094279,71.09184,
3.92367886466672,3.389188,0,18.60983,0.679137,4.014411,0.468968,0,72.83846,
3.93353735427644,3.306169,0,19.51347,1.27712,5.70324,0.220441,0.118464,69.8611,
3.94339584388615,3.183599,0,19.96649,0.661457,5.252643,0.057505,0.069544,70.80876,
3.95325433349587,3.377174,0,19.87811,0.240117,4.013323,0.169675,0,72.32159,
3.96311282310558,4.916582,0,18.40888,1.128687,3.881648,0.065625,0,71.59858,
3.9729713127153,3.799464,0,18.55865,0.568438,4.381231,0.176167,0,72.51604,
3.98282980232501,3.984953,0,21.99976,0.696348,4.011801,0.675834,0.293172,68.33813,
3.99268829193473,4.323187,0,19.04178,0.739776,3.96512,0.337462,0,71.59267,
4.00254678154444,4.457405,0,18.06199,1.044428,3.318119,0.194003,0,72.92406,
4.01240527115416,4.387994,0,19.25667,1.392707,5.452803,0.517557,0,68.99226,
4.02226376076387,2.693141,0,20.22901,0.643825,4.222512,0.346828,0.91825,70.94643,
4.03212225037359,2.89565,0,19.70246,0.88651,6.182096,0,0,70.33329,
4.0419807399833,2.795197,0,18.04676,1.22187,4.677997,0,0,73.25817,
4.05183922959302,3.218655,0,18.63016,0.695097,4.427371,0.413207,0,72.61552,
4.06169771920274,4.480436,0,17.10216,1.017575,4.310576,0.647233,0.288539,72.15347,
4.07155620881245,2.590847,0,16.28844,0.873983,6.156441,0.015255,0,74.07504,
4.08141469842217,3.415353,0,18.27266,1.161508,4.35781,0,0,72.79267,
4.09127318803188,3.261721,0,18.72918,1.105488,5.502872,0.399988,0,71.00076,
4.1011316776416,3.960465,0,20.09241,0.96884,4.833954,0.63223,0,69.5121,
4.11099016725131,4.023149,0,18.13361,0.81095,5.634799,0.071748,0,71.32575,
4.12084865686103,3.165004,0,19.50318,0.770291,5.894553,0.407791,0.327586,69.93159,
4.13070714647074,4.707026,0,18.40649,1.267893,4.406356,0.527771,0.229216,70.45525,
4.14056563608046,1.465062,0,19.31535,1.434768,3.941202,0,0,73.84362,
4.15042412569017,2.867311,0,20.61357,1.226931,3.462963,0.797685,0.061795,70.96975,
4.16028261529989,3.785208,0,17.93916,0.665847,4.322245,0,0,73.28754,
4.1701411049096,3.12673,0,18.22103,0.580764,5.616174,0.241071,0.810414,71.40382,
4.17999959451932,3.512802,0,18.3475,0.729506,6.224781,0.154189,0.286931,70.74429,
4.18985808412903,3.834141,0,17.09922,0.465799,3.141633,0,1.082403,74.3768,
4.19971657373875,3.655632,0,19.77496,0.358303,4.738501,0.754272,0.188855,70.52948,
4.20957506334846,3.536108,0,19.67361,0.500318,3.855395,0.70241,0.479217,71.25294,
4.21943355295818,2.69364,0,21.33393,0.833585,5.420197,0.748188,0,68.97046,
4.2292920425679,2.052626,0,18.90856,0.787041,3.196001,0.362336,0.421972,74.27147,
4.23915053217761,3.677336,0,19.72131,0.683482,3.881538,0,0.326877,71.70946,
4.24900902178733,2.345892,0,17.2715,0,3.832949,0,0,76.54966,
4.25886751139704,3.530418,0,17.35435,0.65866,5.214305,0,0,73.24226,
4.26872600100676,2.95534,0,16.4201,1.217883,4.714393,0.122072,0.211615,74.3586,
4.27858449061647,3.384877,0,18.69998,0.476387,3.639917,0.730125,0.001054,73.06766,
4.28844298022619,1.242005,0,18.46763,0.804297,3.018194,0.221619,0.681607,75.56464,
4.2983014698359,2.829098,0,14.69892,1.297919,3.845493,0.348137,0.063335,76.9171,
4.30815995944562,2.1308,0,17.15191,0.054409,4.653975,0,0.506711,75.5022,
4.31801844905533,3.10526,0,19.57119,1.212783,3.65205,0.52755,0.523395,71.40777,
4.32787693866505,3.104939,0,18.66253,0,2.875,0.721553,0.137916,74.49805,
4.33773542827477,1.173798,0,20.02213,0.6584,3.803938,0.338371,0.544254,73.45911,
4.34759391788448,1.119014,0,14.84776,0.99785,2.341019,0.135178,0,80.55918,
4.3574524074942,2.337313,0,17.36891,1.215673,2.657164,0.097285,0,76.32365,
4.36731089710391,2.311795,0,17.97062,0.878598,3.545147,0.939136,0.441721,73.91298,
4.37716938671363,1.956306,0,17.58014,0.269017,4.09544,0.011993,0.097097,75.99001,
4.38702787632334,1.538105,0,15.79776,0.502434,3.815825,0,0,78.34587,
4.39688636593306,3.044526,0,15.66128,0.779148,3.956362,0.164122,0.921287,75.47327,
4.40674485554277,1.899563,0,16.33224,0.801243,1.783076,0,0,79.18388,
4.41660334515249,1.417425,0,16.56291,1.205376,3.024279,0,0.161375,77.62863,
4.4264618347622,1.967934,0,16.34941,0.958445,2.644341,0.527697,0,77.55217,
4.43632032437192,1.76649,0,16.73769,0.262774,4.004564,0.215519,0,77.01296,
4.44617881398163,1.108476,0,14.29037,0.186848,3.526473,0.484513,0.405562,79.99776,
4.45603730359135,2.11485,0,14.9528,0.394567,2.416949,0,0.456904,79.66393,
4.46589579320107,1.877949,0,13.65872,0.546951,2.70956,0.066761,0,81.14006,
4.47575428281078,0.780808,0,15.79634,0.548655,3.271707,0,0.272212,79.33028,
4.4856127724205,1.461169,0,13.96943,1.004031,2.764178,0.053421,0.206378,80.54139,
4.49547126203021,2.099688,0,15.41104,0.346982,3.363732,0.025777,0,78.75278,
4.50532975163993,1.361595,0,16.55784,0.863596,2.738679,0.492531,0,77.98576,
4.51518824124964,1.420282,0,16.5637,1.01889,2.484226,0.099823,0,78.41308,
4.52504673085936,1.419963,0,13.16512,1.075555,2.646353,0,1.160758,80.53225,
4.53490522046907,1.265926,0,13.8687,0.801852,2.842225,0,0.209005,81.01229,
4.54476371007879,1.589103,0,14.06121,0.670229,2.388994,0.13602,0.901361,80.25309,
4.5546221996885,0.496389,0,11.40118,0.323252,2.745944,0,0,85.03323,
4.56448068929822,0.844519,0,14.59012,0.538992,3.207371,0,0.37833,80.44067,
4.57433917890793,0.725119,0,13.17734,0.362832,2.873005,0.343309,0.215969,82.30243,
4.58419766851765,0.158942,0,12.66654,0.388238,4.407796,0.438593,0.004042,81.93585,
4.59405615812737,1.461303,0,12.94506,0.942459,2.949839,0.273962,0.410565,81.01681,
4.60391464773708,0.17375,0,12.95996,0.422422,2.665979,0.056824,0.051652,83.66942,
4.6137731373468,0.196947,0,11.66696,0.413865,3.184088,0,0.518251,84.01989,
4.62363162695651,1.03934,0,13.50492,1.078766,3.698854,0,0.493442,80.18468,
4.63349011656623,2.229309,0,12.6724,0.72381,3.950996,0.164464,0.262958,79.99606,
4.64334860617594,0.308996,0,12.85704,0.301612,5.257174,0,0.465326,80.80986,
4.65320709578566,0.631787,0,11.60247,0.517311,4.591759,0.187973,0.913559,81.55514,
4.66306558539537,1.690529,0,11.63799,0.97215,4.546682,0.575882,0,80.57677,
4.67292407500509,1.852987,0,11.03357,0.793127,3.832837,0,0.113528,82.37395,
4.6827825646148,1.657745,0,11.1072,0.687095,4.220374,0,0,82.32759,
4.69264105422452,1.220822,0,12.56984,0.15595,4.581693,0,0.250521,81.22118,
4.70249954383423,1.654477,0,10.88873,0.736847,4.660617,0.668092,0,81.39124,
4.71235803344395,0.293604,0,11.56723,1.226124,5.662566,0.271392,0.267348,80.71174,
4.72221652305366,2.297915,0,10.31866,0.760762,5.407971,0,0.873877,80.34082,
4.73207501266338,2.184721,0,10.65513,0.428954,4.123022,0.286025,0.47333,81.84882,
4.7419335022731,2.196587,0,11.18291,0.110797,4.49863,0.314853,0.344665,81.35155,
4.75179199188281,1.168,0,10.07913,1.38601,3.453393,0,0.320456,83.59301,
4.76165048149253,1.499038,0,11.01218,0.968729,4.351006,0.184545,0.650666,81.33384,
4.77150897110224,1.770334,0,12.2466,0.674407,4.829061,0,0.596584,79.88302,
4.78136746071196,2.163603,0,9.544827,0.088606,4.37551,0.061722,0.895957,82.86977,
4.79122595032167,1.648763,0,11.54416,0.954287,4.476642,0.080287,0.46106,80.8348,
4.80108443993139,2.106469,0,11.77358,0.318088,5.097802,0.324339,0.005921,80.37379,
4.8109429295411,2.558332,0,12.53341,1.267314,4.168571,0,0.319417,79.15295,
4.82080141915082,3.289327,0,10.11759,0.796724,3.390838,0.019479,0,82.38604,
4.83065990876054,2.221514,0,12.68453,1.079902,4.521303,0.735078,0.714458,78.04321,
4.84051839837025,4.05745,0,12.51861,0.635391,4.683039,0,0.257784,77.84772,
4.85037688797997,4.138733,0,10.42811,0.826393,4.634751,0.242897,0,79.72911,
4.86023537758968,3.625469,0,12.626,1.147783,3.716186,0,0.378823,78.50574,
4.8700938671994,3.011626,0,9.755847,0.876833,4.82554,0,0.408173,81.12198,
4.87995235680911,1.876222,0,13.58615,1.336849,3.042882,0.205373,1.030661,78.92187,
4.88981084641883,3.584849,0,11.53767,0,3.245497,0.019734,0.124966,81.48728,
4.89966933602854,3.643371,0,12.2219,1.007241,4.075754,0.116255,0.941087,77.99439,
4.90952782563826,3.884616,0,11.64691,0.882114,3.960609,0.184468,0.498551,78.94273,
4.91938631524797,3.600927,0,12.28549,1.400314,3.762452,0.355403,0.785715,77.8097,
