2  KF          + SiF4 = K2SiF6 
(T,liq-FToxid)   (T)    (T)    
 ______________ _ ____ _ ______  
 
T(K)    Delta_H°(J)  Delta_G°(J)    Delta_Vol(litre) Delta_S°(J/K) Delta_Cp(J/K} Keq        T 
_______ ____________ ______________ ________________ _____________ _____________ __________ _ 
 
------  KF(l-FToxid) SiF4(g-FactPS) K2SiF6(s-FactPS) ------                                   
300.00  -221130.9    -162263.5      -2.4617E+01      -196.225      -1.5176E+01   1.7859E+28   
350.00  -221834.6    -152395.2      -2.8720E+01      -198.398      -1.3099E+01   5.5355E+22   
400.00  -222446.4    -142432.5      -3.2823E+01      -200.035      -1.1387E+01   3.9747E+18   
450.00  -222972.0    -132398.2      -3.6926E+01      -201.275      -9.6081E+00   2.3335E+15   
500.00  -223403.8    -122310.4      -4.1029E+01      -202.187      -7.6257E+00   5.9891E+12   
550.00  -223730.7    -112184.3      -4.5132E+01      -202.812      -5.4100E+00   4.5093E+10   
600.00  -223941.1    -102033.5      -4.9235E+01      -203.179      -2.9712E+00   7.6311E+08   
650.00  -224024.5    -91870.3       -5.3338E+01      -203.314      -3.3259E-01   2.4132E+07   
700.00  -223971.4    -81705.7       -5.7440E+01      -203.237      2.4799E+00    1.2497E+06   
750.00  -223774.0    -71549.8       -6.1543E+01      -202.966      5.4417E+00    9.6172E+04   
800.00  -223425.1    -61412.1       -6.5646E+01      -202.516      8.5313E+00    1.0226E+04   
850.00  -222919.0    -51300.9       -6.9749E+01      -201.904      1.1730E+01    1.4207E+03   
900.00  -222250.6    -41224.2       -7.3852E+01      -201.140      1.5021E+01    2.4691E+02   
950.00  -221415.6    -31189.2       -7.7955E+01      -200.238      1.8393E+01    5.1863E+01   
1000.00 -220410.2    -21202.5       -8.2058E+01      -199.208      2.1833E+01    1.2808E+01   
1050.00 -219231.9    -11270.4       -8.6161E+01      -198.059      2.5308E+01    3.6363E+00   
1100.00 -217878.5    -1398.5        -9.0264E+01      -196.800      2.8835E+01    1.1652E+00   
1150.00 -216347.7    8407.9         -9.4367E+01      -195.440      3.2404E+01    4.1506E-01   
1200.00 -214637.5    18143.9        -9.8469E+01      -193.984      3.6008E+01    1.6227E-01   
1250.00 -212746.3    27804.9        -1.0257E+02      -192.441      3.9643E+01    6.8885E-02   
1300.00 -210672.7    37386.6        -1.0668E+02      -190.815      4.3305E+01    3.1465E-02   
_______ ____________ ______________ ________________ _____________ _____________ __________ _ 
 
